0.010889 0.478131 0 0.011332 0 0 0 0 
0.009957 0.527877 0 0.012316 0 0 0 0 
0.010228 0.561511 0 0.013083 0 0 0 0 
0.010138 0.549485 0 0.012853 0 0 0 0 
0.010317 0.546795 0 0.012556 0 0 0 0 
0.00988 0.547584 0 0.013194 0 0 0 0 
0.010465 0.548858 0 0.012612 0 0 0 0 
0.013629 0.541278 0 0.01865 0 0 0 0 
0.02375 0.546478 0 0.032962 0 0 0 0 
0.032408 0.554716 0 0.047519 0 0 0 0 
0.078182 0.550899 0 0.24461 0 0 0 0 
0.07877 0.55707 0 0.048711 0 0 0 0 
0.090901 0.551254 0 0.05707 0 0 0 0 
0.093752 0.560501 0 0.050473 0 0 0 0 
0.092267 0.561415 0 0.054431 0 0 0 0 
0.09276 0.559208 0 0.030943 0 0 0 0 
0.091502 0.559211 0 0.030292 0 0 0 0 
0.049056 0.547261 0 0.024771 0 0 0 0 
0.03948 0.553719 0 0.022563 0 0 0 0 
0.039072 0.55601 0 0.236942 0 0 0 0 
0.0402 0.568001 0 0.025829 0 0 0 0 
0.039927 0.560911 0 0.187413 0 0 0 0 
0.038953 0.567182 0 0.234021 0 0 0 0 
0.040324 0.613997 0 0.018705 0 0 0 0 
0.041465 0.564489 0 0.177628 0 0 0 0 
0.039259 0.541992 0 0.215984 0 0 0 0 
0.03741 0.53949 0 0.018772 0 0 0 0 
0.031282 0.536312 0 0.016806 0 0 0 0 
0.028948 0.545762 0 0.017153 0 0 0 0 
0.029506 0.540101 0 0.01747 0 0 0 0 
0.029842 0.541114 0 0.014397 0 0 0 0 
0.028905 0.539976 0 0.014502 0 0 0 0 
0.028742 0.539594 0 0.013324 0 0 0 0 
0.029847 0.538291 0 0.012813 0 0 0 0 
0.028442 0.537327 0 0.012872 0 0 0 0 
0.02744 0.539354 0 0.012914 0 0 0 0 
0.015332 0.536252 0 0.012273 0 0 0 0 
0.015017 0.538302 0 0.012238 0 0 0 0 
0.014959 0.534926 0 0.01278 0 0 0 0 
0.015533 0.53477 0 0.012609 0 0 0 0 
0.015136 0.538971 0 0.012311 0 0 0 0 
0.016351 0.564394 0 0.012836 0 0 0 0 
0.019506 0.534723 0 0.012267 0 0 0 0 
0.027413 0.54206 0 0.012124 0 0 0 0 
0.02891 0.539134 0 0.014265 0 0 0 0 
0.041024 0.541507 0 0.017005 0 0 0 0 
0.042764 0.554153 0 0.016024 0 0 0 0 
0.043931 0.550499 0 0.014346 0 0 0 0 
0.047131 0.553354 0 0.015899 0 0 0 0 
0.049363 0.552686 0 0.018819 0 0 0 0 
0.049746 0.548242 0 0.025574 0 0 0 0 
0.075425 0.551186 0 0.026852 0 0 0 0 
0.054343 0.599723 0 0.025132 0 0 0 0 
0.048104 0.597014 0 0.023522 0 0 0 0 
0.050674 0.57199 0 0.022902 0 0 0 0 
0.049655 0.549249 0 0.0226 0 0 0 0 
0.047141 0.551492 0 0.017161 0 0 0 0 
0.044966 0.551382 0 0.015846 0 0 0 0 
0.043109 0.546783 0 0.016748 0 0 0 0 
0.041864 0.546796 0 0.015733 0 0 0 0 
0.040882 0.54825 0 0.015029 0 0 0 0 
0.040347 0.546505 0 0.014487 0 0 0 0 
0.041794 0.551273 0 0.012812 0 0 0 0 
0.040656 0.5601 0 0.013928 0 0 0 0 
0.039385 0.55067 0 0.012821 0 0 0 0 
0.038735 0.556685 0 0.019413 0 0 0 0 
0.039016 0.557503 0 0.024828 0 0 0 0 
0.038995 0.547505 0 0.023312 0 0 0 0 
0.039064 0.55053 0 0.018394 0 0 0 0 
0.038744 0.547948 0 0.02219 0 0 0 0 
0.037796 0.546357 0 0.028802 0 0 0 0 
0.038778 0.547373 0 0.029727 0 0 0 0 
0.037749 0.543125 0 0.037305 0 0 0 0 
0.038066 0.54842 0 0.028824 0 0 0 0 
0.038171 0.543699 0 0.022381 0 0 0 0 
0.038175 0.548572 0 0.020898 0 0 0 0 
0.03844 0.543617 0 0.227689 0 0 0 0 
0.040958 0.550077 0 0.022988 0 0 0 0 
0.041466 0.550268 0 0.184886 0 0 0 0 
0.041399 0.550587 0 0.015348 0 0 0 0 
0.042836 0.552198 0 0.015588 0 0 0 0 
0.042033 0.552447 0 0.01583 0 0 0 0 
0.048323 0.552457 0 0.015802 0 0 0 0 
0.034217 0.549272 0 0.014401 0 0 0 0 
0.031189 0.546121 0 0.014325 0 0 0 0 
0.031767 0.548443 0 0.014373 0 0 0 0 
0.031065 0.551596 0 0.01306 0 0 0 0 
0.030916 0.545461 0 0.013233 0 0 0 0 
0.03019 0.547964 0 0.012655 0 0 0 0 
0.015892 0.55296 0 0.01928 0 0 0 0 
0.016043 0.543909 0 0.013819 0 0 0 0 
0.016336 0.544904 0 0.015061 0 0 0 0 
0.016177 0.542446 0 0.0149 0 0 0 0 
0.015244 0.541778 0 0.012742 0 0 0 0 
0.013835 0.541249 0 0.012647 0 0 0 0 
0.011886 0.54083 0 0.012395 0 0 0 0 
0.010898 0.53828 0 0.012469 0 0 0 0 
0.01088 0.736456 0 0.012914 0 0 0 0 
0.010686 0.536853 0 0.012699 0 0 0 0 
0.010361 0.538851 0 0.012757 0 0 0 0 
