0.01023 0.47024 0 0.012128 0 0 0 0 
0.010286 0.531446 0 0.012554 0 0 0 0 
0.010113 0.54907 0 0.012281 0 0 0 0 
0.010201 0.532876 0 0.012176 0 0 0 0 
0.010468 0.530314 0 0.012102 0 0 0 0 
0.009978 0.530496 0 0.012595 0 0 0 0 
0.010972 0.532421 0 0.015726 0 0 0 0 
0.02455 0.531523 0 0.240573 0 0 0 0 
0.025634 0.536226 0 0.03064 0 0 0 0 
0.031665 0.535472 0 0.034727 0 0 0 0 
0.07487 0.535181 0 0.037308 0 0 0 0 
0.081118 0.541554 0 0.039078 0 0 0 0 
0.091428 0.541142 0 0.21899 0 0 0 0 
0.067307 0.538383 0 0.030689 0 0 0 0 
0.046834 0.548651 0 0.027718 0 0 0 0 
0.039538 0.538941 0 0.028292 0 0 0 0 
0.039086 0.543688 0 0.023269 0 0 0 0 
0.038027 0.537995 0 0.172485 0 0 0 0 
0.036993 0.535622 0 0.219431 0 0 0 0 
0.037065 0.537629 0 0.222648 0 0 0 0 
0.036799 0.537953 0 0.230613 0 0 0 0 
0.036151 0.534259 0 0.024617 0 0 0 0 
0.037519 0.533815 0 0.204781 0 0 0 0 
0.036859 0.535844 0 0.030567 0 0 0 0 
0.038376 0.539669 0 0.018902 0 0 0 0 
0.036713 0.531321 0 0.200758 0 0 0 0 
0.036615 0.532182 0 0.20487 0 0 0 0 
0.036114 0.531539 0 0.019954 0 0 0 0 
0.030858 0.534321 0 0.166095 0 0 0 0 
0.027709 0.53296 0 0.162321 0 0 0 0 
0.02827 0.532339 0 0.205973 0 0 0 0 
0.028093 0.533573 0 0.164605 0 0 0 0 
0.027737 0.533141 0 0.204411 0 0 0 0 
0.028429 0.533249 0 0.159223 0 0 0 0 
0.027749 0.535861 0 0.283848 0 0 0 0 
0.027764 0.533068 0 0.165417 0 0 0 0 
0.028479 0.533359 0 0.163755 0 0 0 0 
0.030822 0.534517 0 0.166033 0 0 0 0 
0.031217 0.532053 0 0.257427 0 0 0 0 
0.031126 0.535934 0 0.171549 0 0 0 0 
0.03094 0.53566 0 0.162189 0 0 0 0 
0.029091 0.533793 0 0.163396 0 0 0 0 
0.029322 0.530688 0 0.242166 0 0 0 0 
0.028962 0.532176 0 0.17269 0 0 0 0 
0.028543 0.532483 0 0.176435 0 0 0 0 
0.029183 0.532531 0 0.176375 0 0 0 0 
0.029703 0.537023 0 0.178681 0 0 0 0 
0.033681 0.533083 0 0.181735 0 0 0 0 
0.038558 0.536769 0 0.014333 0 0 0 0 
0.03328 0.536569 0 0.014551 0 0 0 0 
0.033125 0.538069 0 0.014266 0 0 0 0 
0.033098 0.536853 0 0.014609 0 0 0 0 
0.032781 0.536843 0 0.015915 0 0 0 0 
0.038967 0.538735 0 0.015332 0 0 0 0 
0.039334 0.539277 0 0.01599 0 0 0 0 
0.040173 0.538588 0 0.017476 0 0 0 0 
0.041105 0.546651 0 0.017406 0 0 0 0 
0.039364 0.539922 0 0.014965 0 0 0 0 
0.040404 0.545247 0 0.014555 0 0 0 0 
0.040478 0.543998 0 0.01361 0 0 0 0 
0.040328 0.539953 0 0.01408 0 0 0 0 
0.040236 0.542078 0 0.015276 0 0 0 0 
0.042259 0.544064 0 0.0247 0 0 0 0 
0.044563 0.541821 0 0.041481 0 0 0 0 
0.050522 0.541344 0 0.066186 0 0 0 0 
0.050273 0.536853 0 0.040488 0 0 0 0 
0.050642 0.537168 0 0.037111 0 0 0 0 
0.049193 0.534573 0 0.203838 0 0 0 0 
0.048783 0.535607 0 0.192774 0 0 0 0 
0.048592 0.534389 0 0.186261 0 0 0 0 
0.047335 0.533374 0 0.186819 0 0 0 0 
0.036768 0.532778 0 0.216861 0 0 0 0 
0.036782 0.529899 0 0.173154 0 0 0 0 
0.036758 0.53143 0 0.215487 0 0 0 0 
0.036811 0.532896 0 0.173774 0 0 0 0 
0.036564 0.53372 0 0.174378 0 0 0 0 
0.036903 0.532502 0 0.20264 0 0 0 0 
0.036205 0.531873 0 0.17834 0 0 0 0 
0.036735 0.532404 0 0.023872 0 0 0 0 
0.033796 0.53518 0 0.021825 0 0 0 0 
0.028617 0.535243 0 0.021168 0 0 0 0 
0.027896 0.531418 0 0.209291 0 0 0 0 
0.028238 0.528718 0 0.171471 0 0 0 0 
0.028042 0.530748 0 0.171464 0 0 0 0 
0.027963 0.531386 0 0.021626 0 0 0 0 
0.028711 0.533065 0 0.023465 0 0 0 0 
0.028432 0.531493 0 0.017621 0 0 0 0 
0.024173 0.53272 0 0.01529 0 0 0 0 
0.018455 0.529539 0 0.013656 0 0 0 0 
0.016182 0.529176 0 0.012081 0 0 0 0 
0.018793 0.529278 0 0.012048 0 0 0 0 
0.029045 0.531806 0 0.012092 0 0 0 0 
0.029561 0.532089 0 0.013661 0 0 0 0 
0.033942 0.527823 0 0.231725 0 0 0 0 
0.041099 0.534615 0 0.028084 0 0 0 0 
0.050643 0.535884 0 0.234707 0 0 0 0 
0.049459 0.538468 0 0.040693 0 0 0 0 
0.051218 0.540543 0 0.045106 0 0 0 0 
0.051348 0.537786 0 0.047307 0 0 0 0 
0.055958 0.542996 0 0.047119 0 0 0 0 
