0.021694 1.00984 0 0.028215 0 0 0 0 
0.023761 1.08127 0 0.027248 0 0 0 0 
0.023595 1.08424 0 0.025131 0 0 0 0 
0.022052 1.06449 0 0.028357 0 0 0 0 
0.021914 1.08372 0 0.024711 0 0 0 0 
0.024455 1.08445 0 0.033194 0 0 0 0 
0.034958 1.08802 0 0.032826 0 0 0 0 
0.07495 1.10501 0 0.044378 0 0 0 0 
0.105015 1.10187 0 0.043227 0 0 0 0 
0.11059 1.08634 0 0.042371 0 0 0 0 
0.084633 1.10653 0 0.037131 0 0 0 0 
0.077504 1.11152 0 0.032477 0 0 0 0 
0.079804 1.09845 0 0.034893 0 0 0 0 
0.084845 1.08997 0 0.030763 0 0 0 0 
0.07854 1.11382 0 0.030288 0 0 0 0 
0.061652 1.0872 0 0.030364 0 0 0 0 
0.06309 1.07856 0 0.030028 0 0 0 0 
0.050442 1.09575 0 0.027929 0 0 0 0 
0.035991 1.09322 0 0.03147 0 0 0 0 
0.031745 1.07608 0 0.026894 0 0 0 0 
0.024857 1.0674 0 0.025505 0 0 0 0 
0.025844 1.06939 0 0.024926 0 0 0 0 
0.025931 1.08273 0 0.028447 0 0 0 0 
0.030313 1.06897 0 0.02793 0 0 0 0 
0.063457 1.09838 0 0.029075 0 0 0 0 
0.117773 1.07404 0 0.034597 0 0 0 0 
0.110019 1.1159 0 0.045716 0 0 0 0 
0.106907 1.10833 0 0.03608 0 0 0 0 
0.106963 1.10078 0 0.028818 0 0 0 0 
0.119752 1.11383 0 0.0295 0 0 0 0 
0.122637 1.09321 0 0.029913 0 0 0 0 
0.116912 1.09064 0 0.027896 0 0 0 0 
0.09553 1.11905 0 0.027036 0 0 0 0 
0.088593 1.09793 0 0.031207 0 0 0 0 
0.087513 1.1035 0 0.028647 0 0 0 0 
0.079289 1.09971 0 0.040818 0 0 0 0 
0.082319 1.08298 0 0.048684 0 0 0 0 
0.078611 1.09623 0 0.030527 0 0 0 0 
0.077475 1.08107 0 0.032704 0 0 0 0 
0.077678 1.10064 0 0.032125 0 0 0 0 
0.076717 1.21023 0 0.03147 0 0 0 0 
0.064295 1.09411 0 0.030748 0 0 0 0 
0.060752 1.07847 0 0.030706 0 0 0 0 
0.045239 1.05373 0 0.02783 0 0 0 0 
0.048374 1.07066 0 0.033742 0 0 0 0 
0.180453 1.06972 0 0.173797 0 0 0 0 
0.244799 1.08914 0 0.067344 0 0 0 0 
0.374725 1.11651 0 0.070795 0 0 0 0 
0.378731 1.10806 0 0.11265 0 0 0 0 
0.36586 1.09966 0 0.322077 0 0 0 0 
