0.021435 0.99757 0 0.026666 0 0 0 0 
0.021829 1.0893 0 0.025106 0 0 0 0 
0.021077 1.0598 0 0.028456 0 0 0 0 
0.021828 1.07764 0 0.025449 0 0 0 0 
0.022917 1.07293 0 0.025202 0 0 0 0 
0.025807 1.06216 0 0.026775 0 0 0 0 
0.050776 1.06735 0 0.038304 0 0 0 0 
0.051645 1.09647 0 0.047454 0 0 0 0 
0.078684 1.06482 0 0.039554 0 0 0 0 
0.080798 1.09057 0 0.036582 0 0 0 0 
0.07628 1.06471 0 0.029709 0 0 0 0 
0.075994 1.05754 0 0.028416 0 0 0 0 
0.076945 1.06375 0 0.027568 0 0 0 0 
0.07636 1.06684 0 0.028557 0 0 0 0 
0.076405 1.05276 0 0.027804 0 0 0 0 
0.076527 1.0533 0 0.026966 0 0 0 0 
0.067431 1.04787 0 0.027895 0 0 0 0 
0.058063 1.05087 0 0.026983 0 0 0 0 
0.044833 1.05758 0 0.027083 0 0 0 0 
0.034225 1.05592 0 0.027085 0 0 0 0 
0.033142 1.05811 0 0.02733 0 0 0 0 
0.031726 1.05656 0 0.027941 0 0 0 0 
0.031837 1.06173 0 0.028018 0 0 0 0 
0.031767 1.06318 0 0.02724 0 0 0 0 
0.044635 1.05088 0 0.029669 0 0 0 0 
0.056966 1.06153 0 0.030653 0 0 0 0 
0.069038 1.08869 0 0.030675 0 0 0 0 
0.080032 1.07623 0 0.031027 0 0 0 0 
0.10376 1.32153 0 0.043765 0 0 0 0 
0.080257 1.0716 0 0.033107 0 0 0 0 
0.085276 1.07397 0 0.047449 0 0 0 0 
0.083344 1.07654 0 0.044848 0 0 0 0 
0.083224 1.06443 0 0.040502 0 0 0 0 
0.085605 1.0634 0 0.033185 0 0 0 0 
0.083126 1.07841 0 0.033038 0 0 0 0 
0.091575 1.12668 0 0.030634 0 0 0 0 
0.075717 1.08544 0 0.028981 0 0 0 0 
0.106626 1.09766 0 0.02843 0 0 0 0 
0.075629 1.07533 0 0.028241 0 0 0 0 
0.079069 1.13888 0 0.029628 0 0 0 0 
0.076003 1.22666 0 0.035978 0 0 0 0 
0.09467 1.73533 0 0.04177 0 0 0 0 
0.047167 1.10575 0 0.025951 0 0 0 0 
0.03121 1.09584 0 0.026464 0 0 0 0 
0.033751 1.12241 0 0.027366 0 0 0 0 
0.038236 1.08377 0 0.030935 0 0 0 0 
0.036556 1.16865 0 0.026159 0 0 0 0 
0.034444 1.06603 0 0.02693 0 0 0 0 
0.033683 1.15786 0 0.02623 0 0 0 0 
0.031491 1.08704 0 0.025901 0 0 0 0 
