0.020341 0.945102 0 0.023359 0 0 0 0 
0.020555 1.02957 0 0.02373 0 0 0 0 
0.02084 1.01593 0 0.02383 0 0 0 0 
0.021967 1.01568 0 0.023725 0 0 0 0 
0.020398 1.01539 0 0.024002 0 0 0 0 
0.020788 1.01716 0 0.02415 0 0 0 0 
0.021964 1.02171 0 0.02394 0 0 0 0 
0.025374 1.01738 0 0.026137 0 0 0 0 
0.047456 1.0245 0 0.033817 0 0 0 0 
0.050618 1.02672 0 0.032705 0 0 0 0 
0.052215 1.02937 0 0.032833 0 0 0 0 
0.056102 1.02582 0 0.031976 0 0 0 0 
0.062645 1.02737 0 0.028614 0 0 0 0 
0.047977 1.0245 0 0.027166 0 0 0 0 
0.031225 1.02162 0 0.023714 0 0 0 0 
0.029095 1.0303 0 0.024041 0 0 0 0 
0.02615 1.01954 0 0.025414 0 0 0 0 
0.023139 1.01667 0 0.023648 0 0 0 0 
0.022906 1.0193 0 0.024251 0 0 0 0 
0.022744 1.01778 0 0.023733 0 0 0 0 
0.022551 1.01826 0 0.023833 0 0 0 0 
0.022776 1.01804 0 0.023785 0 0 0 0 
0.02137 1.01774 0 0.024064 0 0 0 0 
0.022264 1.01785 0 0.024012 0 0 0 0 
0.025005 1.01801 0 0.023931 0 0 0 0 
0.025688 1.01913 0 0.023978 0 0 0 0 
0.028604 1.02286 0 0.024215 0 0 0 0 
0.043702 1.02415 0 0.023862 0 0 0 0 
0.052156 1.02205 0 0.026237 0 0 0 0 
0.051717 1.02992 0 0.027077 0 0 0 0 
0.055246 1.02917 0 0.02671 0 0 0 0 
0.057758 1.0312 0 0.027265 0 0 0 0 
0.057565 1.03764 0 0.02663 0 0 0 0 
0.053871 1.03464 0 0.029153 0 0 0 0 
0.053589 1.02277 0 0.036939 0 0 0 0 
0.047614 1.02781 0 0.043685 0 0 0 0 
0.031038 1.01376 0 0.048675 0 0 0 0 
0.027349 1.01621 0 0.030381 0 0 0 0 
0.023524 1.01532 0 0.029239 0 0 0 0 
0.023263 1.01761 0 0.032117 0 0 0 0 
0.02546 1.02287 0 0.03758 0 0 0 0 
0.049701 1.04202 0 0.060428 0 0 0 0 
0.109877 1.02293 0 0.065983 0 0 0 0 
0.170478 1.03735 0 0.285507 0 0 0 0 
0.23204 1.05648 0 0.114223 0 0 0 0 
0.259544 1.0651 0 0.111929 0 0 0 0 
0.217086 1.06775 0 0.106375 0 0 0 0 
0.200852 1.05342 0 0.116199 0 0 0 0 
0.169281 1.0612 0 0.125198 0 0 0 0 
0.151455 1.03819 0 0.112483 0 0 0 0 
