0.009927 0.471473 0 0.011106 0 0 0 0 
0.009914 0.530385 0 0.012121 0 0 0 0 
0.010076 0.549131 0 0.012555 0 0 0 0 
0.010272 0.533312 0 0.012073 0 0 0 0 
0.009874 0.53501 0 0.013024 0 0 0 0 
0.010208 0.532934 0 0.011992 0 0 0 0 
0.010702 0.541171 0 0.012066 0 0 0 0 
0.009949 0.532776 0 0.012288 0 0 0 0 
0.01 0.533428 0 0.012526 0 0 0 0 
0.010582 0.535407 0 0.011968 0 0 0 0 
0.013641 0.536384 0 0.012062 0 0 0 0 
0.015821 0.536111 0 0.014567 0 0 0 0 
0.023685 0.535742 0 0.022129 0 0 0 0 
0.025077 0.535421 0 0.022208 0 0 0 0 
0.036809 0.544865 0 0.024759 0 0 0 0 
0.050769 0.549214 0 0.026138 0 0 0 0 
0.092583 0.546294 0 0.031116 0 0 0 0 
0.09358 0.549502 0 0.024766 0 0 0 0 
0.093084 0.546049 0 0.015939 0 0 0 0 
0.05685 0.54522 0 0.014149 0 0 0 0 
0.053368 0.544389 0 0.01319 0 0 0 0 
0.050249 0.540237 0 0.013403 0 0 0 0 
0.045912 0.546089 0 0.014179 0 0 0 0 
0.045113 0.544481 0 0.013981 0 0 0 0 
0.043404 0.546658 0 0.013716 0 0 0 0 
0.043055 0.545462 0 0.013808 0 0 0 0 
0.043111 0.553463 0 0.013481 0 0 0 0 
0.042747 0.540723 0 0.013177 0 0 0 0 
0.042189 0.538252 0 0.013223 0 0 0 0 
0.041504 0.554617 0 0.013163 0 0 0 0 
0.044098 0.539822 0 0.013037 0 0 0 0 
0.041335 0.537793 0 0.013365 0 0 0 0 
0.041237 0.54059 0 0.012019 0 0 0 0 
0.041064 0.541475 0 0.012021 0 0 0 0 
0.03219 0.533863 0 0.012063 0 0 0 0 
0.022313 0.533617 0 0.011941 0 0 0 0 
0.019856 0.534224 0 0.01216 0 0 0 0 
0.01803 0.532467 0 0.012057 0 0 0 0 
0.017242 0.531528 0 0.012038 0 0 0 0 
0.017277 0.532338 0 0.012047 0 0 0 0 
0.01208 0.530507 0 0.012339 0 0 0 0 
0.011778 0.530224 0 0.012077 0 0 0 0 
0.011243 0.530342 0 0.012007 0 0 0 0 
0.010285 0.531524 0 0.012257 0 0 0 0 
0.010417 0.545302 0 0.011905 0 0 0 0 
0.010517 0.529662 0 0.012155 0 0 0 0 
0.010647 0.545031 0 0.012308 0 0 0 0 
0.010384 0.534425 0 0.012378 0 0 0 0 
0.011087 0.532639 0 0.012194 0 0 0 0 
0.01089 0.550762 0 0.012144 0 0 0 0 
0.010562 0.53456 0 0.012164 0 0 0 0 
0.010751 0.549112 0 0.012222 0 0 0 0 
0.010828 0.52964 0 0.01225 0 0 0 0 
0.011206 0.530835 0 0.012375 0 0 0 0 
0.011485 0.547041 0 0.012226 0 0 0 0 
0.011585 0.529003 0 0.012091 0 0 0 0 
0.011346 0.54727 0 0.012411 0 0 0 0 
0.012203 0.530082 0 0.012136 0 0 0 0 
0.012779 0.529571 0 0.012037 0 0 0 0 
0.013947 0.529872 0 0.012155 0 0 0 0 
0.014156 0.530868 0 0.012294 0 0 0 0 
0.012751 0.550656 0 0.012042 0 0 0 0 
0.012591 0.52827 0 0.012248 0 0 0 0 
0.012753 0.546746 0 0.012209 0 0 0 0 
0.012969 0.536746 0 0.012255 0 0 0 0 
0.017905 0.531633 0 0.013481 0 0 0 0 
0.021151 0.54885 0 0.013985 0 0 0 0 
0.025867 0.529602 0 0.015641 0 0 0 0 
0.028919 0.546645 0 0.025515 0 0 0 0 
0.051457 0.534328 0 0.025802 0 0 0 0 
0.127306 0.56374 0 0.036424 0 0 0 0 
0.173246 0.549586 0 0.037456 0 0 0 0 
0.233098 0.581075 0 0.048815 0 0 0 0 
0.260304 0.566834 0 0.060071 0 0 0 0 
0.287139 0.573245 0 0.061817 0 0 0 0 
0.286566 0.567078 0 0.061396 0 0 0 0 
0.296271 0.578182 0 0.065293 0 0 0 0 
0.303839 0.580257 0 0.068614 0 0 0 0 
0.327612 0.588291 0 0.069202 0 0 0 0 
0.344462 0.578204 0 0.0735 0 0 0 0 
0.347987 0.586806 0 0.081563 0 0 0 0 
0.372364 0.586872 0 0.073743 0 0 0 0 
0.38993 0.591491 0 0.087242 0 0 0 0 
0.387878 0.594134 0 0.08777 0 0 0 0 
0.342417 0.582123 0 0.297751 0 0 0 0 
0.324834 0.583988 0 0.252019 0 0 0 0 
0.32184 0.594655 0 0.075133 0 0 0 0 
0.310484 0.590576 0 0.062033 0 0 0 0 
0.298534 0.58523 0 0.06014 0 0 0 0 
0.338672 0.592572 0 0.244657 0 0 0 0 
0.343795 0.598841 0 0.295893 0 0 0 0 
0.359752 0.601455 0 0.296971 0 0 0 0 
0.340305 0.595945 0 0.295265 0 0 0 0 
0.34123 0.591337 0 0.304139 0 0 0 0 
0.337974 0.590869 0 0.265191 0 0 0 0 
0.319651 0.591523 0 0.308131 0 0 0 0 
0.301378 0.591412 0 0.296355 0 0 0 0 
0.303313 0.582264 0 0.288584 0 0 0 0 
0.304081 0.576838 0 0.297174 0 0 0 0 
0.300373 0.591217 0 0.298847 0 0 0 0 
