0.012685 0.46418 0 0.011641 0 0 0 0 
0.010239 0.534097 0 0.012611 0 0 0 0 
0.010096 0.551756 0 0.012466 0 0 0 0 
0.010517 0.541479 0 0.012623 0 0 0 0 
0.010493 0.56306 0 0.012444 0 0 0 0 
0.010132 0.563963 0 0.013891 0 0 0 0 
0.011204 0.686593 0 0.020477 0 0 0 0 
0.011546 0.564344 0 0.018812 0 0 0 0 
0.025136 0.56077 0 0.0236 0 0 0 0 
0.026513 0.545674 0 0.048486 0 0 0 0 
0.077136 0.541397 0 0.276977 0 0 0 0 
0.079351 0.560579 0 0.049617 0 0 0 0 
0.094479 0.55861 0 0.27438 0 0 0 0 
0.089839 0.551402 0 0.049772 0 0 0 0 
0.090656 0.552564 0 0.032519 0 0 0 0 
0.08957 0.549746 0 0.027009 0 0 0 0 
0.050945 0.552557 0 0.025732 0 0 0 0 
0.038874 0.540249 0 0.194156 0 0 0 0 
0.038162 0.545619 0 0.024971 0 0 0 0 
0.038262 0.590754 0 0.241517 0 0 0 0 
0.037114 0.539201 0 0.186436 0 0 0 0 
0.040169 0.548364 0 0.022717 0 0 0 0 
0.04051 0.544055 0 0.180667 0 0 0 0 
0.039622 0.541643 0 0.221016 0 0 0 0 
0.038924 0.543966 0 0.196677 0 0 0 0 
0.039812 0.547063 0 0.017907 0 0 0 0 
0.039481 0.543406 0 0.016466 0 0 0 0 
0.029955 0.539574 0 0.01684 0 0 0 0 
0.031113 0.544261 0 0.017667 0 0 0 0 
0.029377 0.539968 0 0.014603 0 0 0 0 
0.029699 0.602565 0 0.021068 0 0 0 0 
0.029082 0.568968 0 0.015919 0 0 0 0 
0.03805 0.539025 0 0.014172 0 0 0 0 
0.029339 0.553404 0 0.012902 0 0 0 0 
0.027544 0.538589 0 0.012464 0 0 0 0 
0.016729 0.536159 0 0.012974 0 0 0 0 
0.014485 0.537206 0 0.012093 0 0 0 0 
0.014869 0.536335 0 0.012437 0 0 0 0 
0.014859 0.537767 0 0.012455 0 0 0 0 
0.015184 0.53308 0 0.012657 0 0 0 0 
0.015131 0.857251 0 0.021786 0 0 0 0 
0.029274 0.900741 0 0.022382 0 0 0 0 
0.035096 0.904805 0 0.021893 0 0 0 0 
0.047871 0.904625 0 0.023024 0 0 0 0 
0.051998 0.910937 0 0.024166 0 0 0 0 
0.073321 0.547803 0 0.015809 0 0 0 0 
0.041541 0.547779 0 0.016589 0 0 0 0 
0.042658 0.565642 0 0.014367 0 0 0 0 
0.04286 0.553935 0 0.014809 0 0 0 0 
0.046351 0.687983 0 0.02704 0 0 0 0 
0.077541 0.916401 0 0.029104 0 0 0 0 
0.078504 0.846771 0 0.020187 0 0 0 0 
0.044746 0.550193 0 0.02653 0 0 0 0 
0.050275 0.55254 0 0.021194 0 0 0 0 
0.049302 0.56366 0 0.021171 0 0 0 0 
0.046916 0.552942 0 0.018863 0 0 0 0 
0.046828 0.555011 0 0.018839 0 0 0 0 
0.047667 0.554594 0 0.015523 0 0 0 0 
0.062628 0.742552 0 0.016555 0 0 0 0 
0.041903 0.548305 0 0.016939 0 0 0 0 
0.041335 0.550183 0 0.016014 0 0 0 0 
0.041247 0.571268 0 0.014295 0 0 0 0 
0.068525 0.918675 0 0.022512 0 0 0 0 
0.06906 0.914558 0 0.022317 0 0 0 0 
0.06497 0.912113 0 0.027604 0 0 0 0 
0.065955 0.903748 0 0.029507 0 0 0 0 
0.065732 0.900719 0 0.037276 0 0 0 0 
0.064294 0.90279 0 0.048934 0 0 0 0 
0.063898 0.552874 0 0.026869 0 0 0 0 
0.037558 0.537946 0 0.02757 0 0 0 0 
0.038108 0.540214 0 0.027096 0 0 0 0 
0.037687 0.536182 0 0.236545 0 0 0 0 
0.037534 0.536803 0 0.033844 0 0 0 0 
0.038285 0.53811 0 0.244387 0 0 0 0 
0.037683 0.540348 0 0.030812 0 0 0 0 
0.037836 0.538837 0 0.270834 0 0 0 0 
0.050074 0.561733 0 0.021467 0 0 0 0 
0.038091 0.561804 0 0.021438 0 0 0 0 
0.047682 0.586334 0 0.02778 0 0 0 0 
0.040625 0.630926 0 0.0182 0 0 0 0 
0.038266 0.551371 0 0.018411 0 0 0 0 
0.038419 0.55842 0 0.017371 0 0 0 0 
0.039417 0.592903 0 0.034629 0 0 0 0 
0.064953 0.697607 0 0.018085 0 0 0 0 
0.041243 0.660759 0 0.029801 0 0 0 0 
0.041284 0.627261 0 0.014668 0 0 0 0 
0.038257 0.555985 0 0.012813 0 0 0 0 
0.039496 0.630987 0 0.012828 0 0 0 0 
0.040976 0.545016 0 0.013164 0 0 0 0 
0.034858 0.539417 0 0.014011 0 0 0 0 
0.015415 0.541621 0 0.013651 0 0 0 0 
0.017212 0.537888 0 0.013677 0 0 0 0 
0.014469 0.552104 0 0.013402 0 0 0 0 
0.014841 0.534627 0 0.012626 0 0 0 0 
0.012215 0.535253 0 0.012036 0 0 0 0 
0.011556 0.535792 0 0.012112 0 0 0 0 
0.01123 0.556888 0 0.012107 0 0 0 0 
0.011271 0.548711 0 0.012317 0 0 0 0 
0.010751 0.548983 0 0.012185 0 0 0 0 
0.010568 0.547013 0 0.013922 0 0 0 0 
