0.009926 0.469476 0 0.01164 0 0 0 0 
0.010115 0.561297 0 0.012212 0 0 0 0 
0.010027 0.566891 0 0.012319 0 0 0 0 
0.010324 0.549733 0 0.012135 0 0 0 0 
0.00988 0.53331 0 0.012042 0 0 0 0 
0.010176 0.532872 0 0.012015 0 0 0 0 
0.010359 0.535371 0 0.012285 0 0 0 0 
0.010268 0.534689 0 0.012128 0 0 0 0 
0.010872 0.535068 0 0.0122 0 0 0 0 
0.016009 0.531796 0 0.019527 0 0 0 0 
0.023505 0.531208 0 0.195182 0 0 0 0 
0.025903 0.538572 0 0.026737 0 0 0 0 
0.030446 0.536534 0 0.029287 0 0 0 0 
0.044882 0.542452 0 0.028095 0 0 0 0 
0.045634 0.544916 0 0.026752 0 0 0 0 
0.050111 0.543695 0 0.021048 0 0 0 0 
0.046408 0.538159 0 0.027003 0 0 0 0 
0.041437 0.541791 0 0.233271 0 0 0 0 
0.038228 0.550541 0 0.237351 0 0 0 0 
0.038257 0.540045 0 0.017047 0 0 0 0 
0.038614 0.545532 0 0.015806 0 0 0 0 
0.039109 0.54288 0 0.015039 0 0 0 0 
0.038555 0.544973 0 0.014087 0 0 0 0 
0.037665 0.53726 0 0.213183 0 0 0 0 
0.037432 0.542548 0 0.016965 0 0 0 0 
0.038251 0.542168 0 0.014587 0 0 0 0 
0.038749 0.53873 0 0.014702 0 0 0 0 
0.039336 0.544215 0 0.01402 0 0 0 0 
0.039235 0.540864 0 0.013832 0 0 0 0 
0.039817 0.538337 0 0.013555 0 0 0 0 
0.038532 0.538603 0 0.012692 0 0 0 0 
0.038979 0.54057 0 0.012016 0 0 0 0 
0.039244 0.540761 0 0.012247 0 0 0 0 
0.040041 0.54676 0 0.013899 0 0 0 0 
0.039738 0.546108 0 0.013714 0 0 0 0 
0.039145 0.545544 0 0.013388 0 0 0 0 
0.034909 0.53741 0 0.013434 0 0 0 0 
0.032212 0.537807 0 0.013407 0 0 0 0 
0.032481 0.542934 0 0.013125 0 0 0 0 
0.032433 0.535456 0 0.013172 0 0 0 0 
0.028579 0.535279 0 0.013134 0 0 0 0 
0.022658 0.534025 0 0.013709 0 0 0 0 
0.021594 0.532482 0 0.012015 0 0 0 0 
0.022055 0.537228 0 0.013034 0 0 0 0 
0.025361 0.535176 0 0.01316 0 0 0 0 
0.035061 0.549135 0 0.021057 0 0 0 0 
0.039872 0.546111 0 0.014633 0 0 0 0 
0.040986 0.54269 0 0.014518 0 0 0 0 
0.039903 0.548769 0 0.014795 0 0 0 0 
0.040597 0.54645 0 0.015744 0 0 0 0 
0.041048 0.550553 0 0.014798 0 0 0 0 
0.04539 0.558114 0 0.016667 0 0 0 0 
0.082055 0.562704 0 0.030036 0 0 0 0 
0.08981 0.571321 0 0.04645 0 0 0 0 
0.096131 0.563612 0 0.045733 0 0 0 0 
0.098317 0.563462 0 0.042998 0 0 0 0 
0.098227 0.559302 0 0.041222 0 0 0 0 
0.099136 0.55535 0 0.047202 0 0 0 0 
0.103144 0.557341 0 0.060176 0 0 0 0 
0.110944 0.561807 0 0.073525 0 0 0 0 
0.101313 0.555372 0 0.05037 0 0 0 0 
0.089981 0.583939 0 0.052802 0 0 0 0 
0.085265 0.553328 0 0.042047 0 0 0 0 
0.074325 0.547816 0 0.042288 0 0 0 0 
0.07164 0.549762 0 0.038404 0 0 0 0 
0.070706 0.548194 0 0.043766 0 0 0 0 
0.071512 0.546144 0 0.036202 0 0 0 0 
0.072243 0.544111 0 0.03207 0 0 0 0 
0.073201 0.545097 0 0.027766 0 0 0 0 
0.056998 0.543041 0 0.027086 0 0 0 0 
0.050034 0.544686 0 0.034269 0 0 0 0 
0.065536 0.543099 0 0.039778 0 0 0 0 
0.065768 0.540998 0 0.06628 0 0 0 0 
0.086465 0.545043 0 0.082585 0 0 0 0 
0.121781 0.550382 0 0.289901 0 0 0 0 
0.169217 0.570535 0 0.113973 0 0 0 0 
0.175276 0.564963 0 0.110664 0 0 0 0 
0.211316 0.577401 0 0.272287 0 0 0 0 
0.21356 0.579078 0 0.138787 0 0 0 0 
0.231542 0.579771 0 0.342838 0 0 0 0 
0.243238 0.583267 0 0.341729 0 0 0 0 
0.2538 0.587234 0 0.147998 0 0 0 0 
0.268806 0.586475 0 0.27847 0 0 0 0 
0.323586 0.606686 0 0.320825 0 0 0 0 
0.309665 0.60706 0 0.124627 0 0 0 0 
0.317581 0.606842 0 0.134581 0 0 0 0 
0.322027 0.59533 0 0.121211 0 0 0 0 
0.385614 0.611102 0 0.13416 0 0 0 0 
0.482451 0.629898 0 0.165936 0 0 0 0 
0.627461 0.634767 0 0.367177 0 0 0 0 
0.726551 0.674113 0 0.436659 0 0 0 0 
0.825676 0.694321 0 0.261457 0 0 0 0 
0.858458 0.690964 0 0.294304 0 0 0 0 
0.856764 0.677664 0 0.492083 0 0 0 0 
0.860394 0.70181 0 0.29186 0 0 0 0 
0.816614 0.687167 0 0.302991 0 0 0 0 
0.744371 0.667549 0 0.292393 0 0 0 0 
0.682307 0.655872 0 0.409284 0 0 0 0 
0.624861 0.657686 0 0.253094 0 0 0 0 
0.550142 0.626805 0 0.211747 0 0 0 0 
