0.020913 0.956507 0 0.02314 0 0 0 0 
0.021573 1.04379 0 0.023923 0 0 0 0 
0.021189 1.03743 0 0.024231 0 0 0 0 
0.024616 1.03236 0 0.029997 0 0 0 0 
0.055788 1.03637 0 0.071481 0 0 0 0 
0.151144 1.06715 0 0.270142 0 0 0 0 
0.175532 1.07304 0 0.098418 0 0 0 0 
0.177868 1.08393 0 0.073144 0 0 0 0 
0.137203 1.05336 0 0.052314 0 0 0 0 
0.074469 1.04704 0 0.26498 0 0 0 0 
0.074025 1.0429 0 0.255077 0 0 0 0 
0.076123 1.05689 0 0.249948 0 0 0 0 
0.07645 1.05082 0 0.397902 0 0 0 0 
0.072123 1.05744 0 0.033617 0 0 0 0 
0.060872 1.04988 0 0.033893 0 0 0 0 
0.061165 1.06344 0 0.028094 0 0 0 0 
0.059107 1.04855 0 0.025401 0 0 0 0 
0.056994 1.05118 0 0.024903 0 0 0 0 
0.031629 1.05363 0 0.024023 0 0 0 0 
0.032592 1.04836 0 0.024541 0 0 0 0 
0.032718 1.04528 0 0.024013 0 0 0 0 
0.048359 1.04801 0 0.024275 0 0 0 0 
0.073661 1.09083 0 0.03217 0 0 0 0 
0.087891 1.09628 0 0.03034 0 0 0 0 
0.089899 1.07838 0 0.029087 0 0 0 0 
0.09301 1.06258 0 0.040547 0 0 0 0 
0.101887 1.08499 0 0.047681 0 0 0 0 
0.102792 1.06891 0 0.04701 0 0 0 0 
0.110144 1.06236 0 0.035691 0 0 0 0 
0.086775 1.06489 0 0.032034 0 0 0 0 
0.083524 1.06543 0 0.030369 0 0 0 0 
0.079224 1.05965 0 0.025652 0 0 0 0 
0.078704 1.05008 0 0.041274 0 0 0 0 
0.077903 1.04519 0 0.044808 0 0 0 0 
0.077059 1.0459 0 0.267542 0 0 0 0 
0.075505 1.05223 0 0.28151 0 0 0 0 
0.074381 1.04468 0 0.287195 0 0 0 0 
0.073852 1.04019 0 0.262449 0 0 0 0 
0.07592 1.05236 0 0.038909 0 0 0 0 
0.07542 1.06304 0 0.249977 0 0 0 0 
0.076634 1.07735 0 0.031176 0 0 0 0 
0.07678 1.07415 0 0.24334 0 0 0 0 
0.075353 1.07683 0 0.030598 0 0 0 0 
0.055937 1.05908 0 0.028216 0 0 0 0 
0.047106 1.05367 0 0.027062 0 0 0 0 
0.030708 1.05186 0 0.028605 0 0 0 0 
0.029817 1.04091 0 0.025299 0 0 0 0 
0.023217 1.04242 0 0.024243 0 0 0 0 
0.021285 1.04051 0 0.024512 0 0 0 0 
0.021452 1.03435 0 0.024721 0 0 0 0 
