0.020707 0.963728 0 0.024174 0 0 0 0 
0.020872 1.05272 0 0.025978 0 0 0 0 
0.020775 1.03881 0 0.024827 0 0 0 0 
0.035295 1.04814 0 0.276577 0 0 0 0 
0.059487 1.06489 0 0.065716 0 0 0 0 
0.212718 1.39895 0 0.107101 0 0 0 0 
0.164427 1.11106 0 0.26059 0 0 0 0 
0.092961 1.0834 0 0.057322 0 0 0 0 
0.080815 1.09914 0 0.192764 0 0 0 0 
0.074045 1.1014 0 0.503711 0 0 0 0 
0.074557 1.21813 0 0.240134 0 0 0 0 
0.084633 1.18919 0 0.238188 0 0 0 0 
0.072756 1.10806 0 0.417785 0 0 0 0 
0.074138 1.12599 0 0.258119 0 0 0 0 
0.055452 1.16803 0 0.346203 0 0 0 0 
0.059959 1.08434 0 0.386958 0 0 0 0 
0.058795 1.09126 0 0.330528 0 0 0 0 
0.056458 1.0895 0 0.334018 0 0 0 0 
0.060171 1.09026 0 0.45546 0 0 0 0 
0.059809 1.12604 0 0.326045 0 0 0 0 
0.064344 1.10479 0 0.46859 0 0 0 0 
0.064478 1.07938 0 0.339534 0 0 0 0 
0.061752 1.08576 0 0.410106 0 0 0 0 
0.07035 1.08529 0 0.423211 0 0 0 0 
0.091832 1.08136 0 0.387311 0 0 0 0 
0.08065 1.1903 0 0.219036 0 0 0 0 
0.082442 1.11066 0 0.031882 0 0 0 0 
0.081177 1.09505 0 0.034597 0 0 0 0 
0.083972 1.09606 0 0.033681 0 0 0 0 
0.079944 1.108 0 0.030567 0 0 0 0 
0.084282 1.06873 0 0.032703 0 0 0 0 
0.090918 1.0971 0 0.056112 0 0 0 0 
0.093875 1.10018 0 0.071506 0 0 0 0 
0.087569 1.08595 0 0.282309 0 0 0 0 
0.084845 1.08236 0 0.388231 0 0 0 0 
0.081832 1.09615 0 0.444209 0 0 0 0 
0.073243 1.09707 0 0.414063 0 0 0 0 
0.07602 1.12488 0 0.49125 0 0 0 0 
0.073301 1.09544 0 0.367832 0 0 0 0 
0.076261 1.09611 0 0.456123 0 0 0 0 
0.074158 1.12065 0 0.40274 0 0 0 0 
0.068878 1.11452 0 0.277204 0 0 0 0 
0.059889 1.08263 0 0.045996 0 0 0 0 
0.057905 1.10677 0 0.030126 0 0 0 0 
0.055401 1.0825 0 0.027844 0 0 0 0 
0.05505 1.09504 0 0.030627 0 0 0 0 
0.102778 1.09222 0 0.282572 0 0 0 0 
0.100248 1.12786 0 0.092059 0 0 0 0 
0.112251 1.08396 0 0.086141 0 0 0 0 
0.105404 1.10124 0 0.063034 0 0 0 0 
