0.022091 1.01013 0 0.025603 0 0 0 0 
0.022065 1.08837 0 0.026179 0 0 0 0 
0.021522 1.07508 0 0.025868 0 0 0 0 
0.022959 1.09849 0 0.02726 0 0 0 0 
0.021674 1.08874 0 0.026581 0 0 0 0 
0.025134 1.06625 0 0.028581 0 0 0 0 
0.050579 1.0739 0 0.039333 0 0 0 0 
0.08766 1.12697 0 0.280282 0 0 0 0 
0.090318 1.11064 0 0.485124 0 0 0 0 
0.081116 1.08877 0 0.482139 0 0 0 0 
0.079642 1.09566 0 0.433839 0 0 0 0 
0.08018 1.09655 0 0.489153 0 0 0 0 
0.082791 1.11355 0 0.286549 0 0 0 0 
0.08233 1.12833 0 0.040051 0 0 0 0 
0.088996 1.12158 0 0.033697 0 0 0 0 
0.079356 1.14593 0 0.034019 0 0 0 0 
0.082926 1.09891 0 0.031494 0 0 0 0 
0.08439 1.10275 0 0.027199 0 0 0 0 
0.079539 1.26204 0 0.029269 0 0 0 0 
0.081693 1.09377 0 0.029557 0 0 0 0 
0.079943 1.09031 0 0.029158 0 0 0 0 
0.08686 1.0775 0 0.029253 0 0 0 0 
0.096239 1.11493 0 0.029409 0 0 0 0 
0.112676 1.11992 0 0.028875 0 0 0 0 
0.127023 1.11822 0 0.028151 0 0 0 0 
0.146834 1.17058 0 0.030564 0 0 0 0 
0.174978 1.11396 0 0.037685 0 0 0 0 
0.15918 1.1269 0 0.042862 0 0 0 0 
0.186898 1.13792 0 0.047444 0 0 0 0 
0.225188 1.14729 0 0.030969 0 0 0 0 
0.196515 1.15427 0 0.031312 0 0 0 0 
0.14587 1.12101 0 0.027857 0 0 0 0 
0.117111 1.13499 0 0.032262 0 0 0 0 
0.205518 1.22532 0 0.281519 0 0 0 0 
0.271639 1.14498 0 0.184489 0 0 0 0 
0.632825 1.17811 0 0.682901 0 0 0 0 
1.34925 1.30179 0 0.890044 0 0 0 0 
1.66736 1.30302 0 0.661391 0 0 0 0 
1.71099 1.29593 0 0.870667 0 0 0 0 
1.7263 1.28593 0 0.598387 0 0 0 0 
1.71764 1.33882 0 0.756341 0 0 0 0 
1.59488 1.33596 0 0.856165 0 0 0 0 
1.43984 1.32508 0 0.73931 0 0 0 0 
1.27698 1.29888 0 0.462303 0 0 0 0 
1.26841 1.27647 0 0.213335 0 0 0 0 
1.27801 1.27633 0 0.189337 0 0 0 0 
1.43345 1.30724 0 0.259756 0 0 0 0 
1.54894 1.32087 0 0.395433 0 0 0 0 
1.61287 1.36474 0 0.514824 0 0 0 0 
1.64457 1.33043 0 1.0933 0 0 0 0 
