0.020758 1.00147 0 0.026322 0 0 0 0 
0.022896 1.09804 0 0.025439 0 0 0 0 
0.020725 1.12428 0 0.029431 0 0 0 0 
0.03174 1.09002 0 0.028014 0 0 0 0 
0.02166 1.07797 0 0.026854 0 0 0 0 
0.021632 1.10508 0 0.027132 0 0 0 0 
0.02522 1.09708 0 0.027131 0 0 0 0 
0.039785 1.08491 0 0.037898 0 0 0 0 
0.078293 1.0858 0 0.341077 0 0 0 0 
0.084799 1.13402 0 0.044087 0 0 0 0 
0.088368 1.11735 0 0.034102 0 0 0 0 
0.101012 1.12909 0 0.03118 0 0 0 0 
0.098388 1.09783 0 0.23242 0 0 0 0 
0.084561 1.14271 0 0.031215 0 0 0 0 
0.070321 1.13589 0 0.032032 0 0 0 0 
0.057947 1.10739 0 0.463739 0 0 0 0 
0.056793 1.11568 0 0.330955 0 0 0 0 
0.047217 1.16933 0 0.39185 0 0 0 0 
0.028083 1.05498 0 0.320927 0 0 0 0 
0.028276 1.06801 0 0.438442 0 0 0 0 
0.028036 1.09733 0 0.446593 0 0 0 0 
0.031844 1.1045 0 0.391082 0 0 0 0 
0.028746 1.11867 0 0.454196 0 0 0 0 
0.0303 1.06465 0 0.334117 0 0 0 0 
0.045022 1.06742 0 0.335814 0 0 0 0 
0.05075 1.10131 0 0.455745 0 0 0 0 
0.059253 1.07985 0 0.604691 0 0 0 0 
0.059066 1.09173 0 0.603106 0 0 0 0 
0.056875 1.1205 0 0.703247 0 0 0 0 
0.074689 1.08844 0 0.581591 0 0 0 0 
0.083097 1.08618 0 0.649233 0 0 0 0 
0.096287 1.09548 0 0.741416 0 0 0 0 
0.105908 1.09517 0 0.736482 0 0 0 0 
0.114265 1.08966 0 0.674364 0 0 0 0 
0.09503 1.08723 0 0.738794 0 0 0 0 
0.078038 1.08798 0 0.731937 0 0 0 0 
0.079181 1.0788 0 0.53367 0 0 0 0 
0.097456 1.08221 0 0.666352 0 0 0 0 
0.110795 1.09009 0 0.677616 0 0 0 0 
0.139061 1.10273 0 0.504433 0 0 0 0 
0.246625 1.15695 0 0.820163 0 0 0 0 
0.278057 1.14921 0 0.760043 0 0 0 0 
0.265214 1.2314 0 0.581154 0 0 0 0 
0.30255 1.14137 0 0.467263 0 0 0 0 
0.305228 1.13416 0 0.47357 0 0 0 0 
0.32405 1.13723 0 0.461078 0 0 0 0 
0.362459 1.13497 0 0.47062 0 0 0 0 
0.471226 1.13775 0 0.508647 0 0 0 0 
0.563918 1.16529 0 0.382815 0 0 0 0 
0.617706 1.18774 0 0.379618 0 0 0 0 
