0.021486 0.980495 0 0.024837 0 0 0 0 
0.021832 1.08863 0 0.024294 0 0 0 0 
0.022204 1.07254 0 0.026089 0 0 0 0 
0.022551 1.27558 0 0.025805 0 0 0 0 
0.042241 1.09565 0 0.303734 0 0 0 0 
0.158863 1.09395 0 0.108736 0 0 0 0 
0.181261 1.09313 0 0.101511 0 0 0 0 
0.180208 1.09624 0 0.082435 0 0 0 0 
0.15306 1.1271 0 0.233975 0 0 0 0 
0.076591 1.08809 0 0.26239 0 0 0 0 
0.077852 1.09856 0 0.380488 0 0 0 0 
0.077171 1.06148 0 0.471068 0 0 0 0 
0.064711 1.05407 0 0.574234 0 0 0 0 
0.060917 1.06312 0 0.177012 0 0 0 0 
0.057882 1.06175 0 0.031188 0 0 0 0 
0.044224 1.04352 0 0.028888 0 0 0 0 
0.028761 1.04763 0 0.027038 0 0 0 0 
0.028576 1.04373 0 0.025209 0 0 0 0 
0.027287 1.05283 0 0.025883 0 0 0 0 
0.028528 1.05659 0 0.0251 0 0 0 0 
0.038014 1.08664 0 0.027882 0 0 0 0 
0.04236 1.09108 0 0.026985 0 0 0 0 
0.057943 1.09855 0 0.027447 0 0 0 0 
0.08102 1.08736 0 0.0408 0 0 0 0 
0.078878 1.1125 0 0.042987 0 0 0 0 
0.079107 1.11355 0 0.037736 0 0 0 0 
0.094327 1.21554 0 0.034685 0 0 0 0 
0.08376 1.1457 0 0.042156 0 0 0 0 
0.079787 1.12456 0 0.038082 0 0 0 0 
0.083269 1.12985 0 0.03815 0 0 0 0 
0.084788 1.09565 0 0.028383 0 0 0 0 
0.064544 1.09503 0 0.0284 0 0 0 0 
0.043847 1.07572 0 0.028139 0 0 0 0 
0.034707 1.08297 0 0.026012 0 0 0 0 
0.034825 1.07501 0 0.026114 0 0 0 0 
0.033008 1.08564 0 0.024803 0 0 0 0 
0.03122 1.07316 0 0.026669 0 0 0 0 
0.024162 1.0688 0 0.025454 0 0 0 0 
0.025394 1.0695 0 0.027327 0 0 0 0 
0.029718 1.06767 0 0.026654 0 0 0 0 
0.052759 1.09716 0 0.027676 0 0 0 0 
0.056299 1.11383 0 0.042113 0 0 0 0 
0.067793 1.07134 0 0.048831 0 0 0 0 
0.074745 1.07524 0 0.310748 0 0 0 0 
0.074779 1.08757 0 0.05574 0 0 0 0 
0.124614 1.07354 0 0.302203 0 0 0 0 
0.172798 1.07579 0 0.047137 0 0 0 0 
0.193498 1.08655 0 0.050522 0 0 0 0 
0.129008 1.09153 0 0.275918 0 0 0 0 
0.092942 1.08554 0 0.492313 0 0 0 0 
