0.020901 0.984864 0 0.024454 0 0 0 0 
0.020899 1.06778 0 0.025195 0 0 0 0 
0.020749 1.06025 0 0.025599 0 0 0 0 
0.021185 1.06653 0 0.025123 0 0 0 0 
0.020884 1.05655 0 0.024901 0 0 0 0 
0.02087 1.06389 0 0.025353 0 0 0 0 
0.021901 1.07539 0 0.026551 0 0 0 0 
0.024864 1.06729 0 0.027822 0 0 0 0 
0.041598 1.06533 0 0.029565 0 0 0 0 
0.069919 1.08603 0 0.034716 0 0 0 0 
0.093156 1.0862 0 0.035714 0 0 0 0 
0.084918 1.08598 0 0.283836 0 0 0 0 
0.087741 1.09302 0 0.450047 0 0 0 0 
0.078147 1.11937 0 0.3848 0 0 0 0 
0.079414 1.09307 0 0.368421 0 0 0 0 
0.082587 1.13876 0 0.42699 0 0 0 0 
0.082077 1.11497 0 0.369558 0 0 0 0 
0.080673 1.0802 0 0.39005 0 0 0 0 
0.079185 1.08606 0 0.225733 0 0 0 0 
0.080109 1.09356 0 0.277425 0 0 0 0 
0.083393 1.10425 0 0.048008 0 0 0 0 
0.079314 1.10858 0 0.208903 0 0 0 0 
0.101448 1.11127 0 0.23404 0 0 0 0 
0.078536 1.10987 0 0.252938 0 0 0 0 
0.074443 1.0953 0 0.259971 0 0 0 0 
0.078931 1.1178 0 0.253803 0 0 0 0 
0.104532 1.11034 0 0.508409 0 0 0 0 
0.140517 1.11354 0 0.106234 0 0 0 0 
0.16398 1.13083 0 0.095985 0 0 0 0 
0.157922 1.11906 0 0.088213 0 0 0 0 
0.170906 1.13062 0 0.10012 0 0 0 0 
0.159896 1.11709 0 0.30975 0 0 0 0 
0.152366 1.11684 0 0.117517 0 0 0 0 
0.144852 1.12181 0 0.119857 0 0 0 0 
0.171386 1.1193 0 0.138274 0 0 0 0 
0.235078 1.13097 0 0.175546 0 0 0 0 
0.226597 1.1243 0 0.19504 0 0 0 0 
0.215132 1.12934 0 0.162401 0 0 0 0 
0.252504 1.13292 0 0.128343 0 0 0 0 
0.267531 1.1344 0 0.126241 0 0 0 0 
0.27894 1.1406 0 0.154401 0 0 0 0 
0.283517 1.13981 0 0.13846 0 0 0 0 
0.272476 1.14058 0 0.135533 0 0 0 0 
0.288994 1.10741 0 0.138675 0 0 0 0 
0.299197 1.14019 0 0.096222 0 0 0 0 
0.316945 1.15192 0 0.071438 0 0 0 0 
0.322484 1.14349 0 0.06328 0 0 0 0 
0.278912 1.13206 0 0.056401 0 0 0 0 
0.265313 1.11094 0 0.058647 0 0 0 0 
0.30612 1.12193 0 0.057649 0 0 0 0 
