0.009852 0.461192 0 0.012451 0 0 0 0 
0.010018 0.52501 0 0.012361 0 0 0 0 
0.010267 0.540093 0 0.012057 0 0 0 0 
0.010264 0.529844 0 0.011903 0 0 0 0 
0.010136 0.528631 0 0.012184 0 0 0 0 
0.011 0.529313 0 0.012627 0 0 0 0 
0.010903 0.528239 0 0.011884 0 0 0 0 
0.010639 0.527797 0 0.01205 0 0 0 0 
0.009911 0.529427 0 0.012028 0 0 0 0 
0.01024 0.528383 0 0.011978 0 0 0 0 
0.010071 0.529161 0 0.012431 0 0 0 0 
0.010597 0.528022 0 0.011986 0 0 0 0 
0.010524 0.525955 0 0.01201 0 0 0 0 
0.01071 0.527442 0 0.01225 0 0 0 0 
0.012211 0.528827 0 0.012017 0 0 0 0 
0.013301 0.530428 0 0.014108 0 0 0 0 
0.024086 0.530868 0 0.014903 0 0 0 0 
0.024095 0.532701 0 0.020497 0 0 0 0 
0.025536 0.533774 0 0.017627 0 0 0 0 
0.025675 0.530869 0 0.016012 0 0 0 0 
0.026 0.537097 0 0.017094 0 0 0 0 
0.027161 0.53364 0 0.01683 0 0 0 0 
0.027782 0.531865 0 0.016541 0 0 0 0 
0.029322 0.5339 0 0.016212 0 0 0 0 
0.029958 0.530989 0 0.01532 0 0 0 0 
0.031638 0.531131 0 0.01426 0 0 0 0 
0.029778 0.528636 0 0.013713 0 0 0 0 
0.019055 0.530449 0 0.013218 0 0 0 0 
0.016362 0.531651 0 0.011965 0 0 0 0 
0.017634 0.5294 0 0.012122 0 0 0 0 
0.014808 0.54006 0 0.012004 0 0 0 0 
0.014899 0.541488 0 0.015468 0 0 0 0 
0.017665 0.527534 0 0.012133 0 0 0 0 
0.014487 0.526723 0 0.012053 0 0 0 0 
0.011729 0.529164 0 0.011902 0 0 0 0 
0.01171 0.532767 0 0.012292 0 0 0 0 
0.01356 0.52679 0 0.01203 0 0 0 0 
0.011085 0.528873 0 0.011978 0 0 0 0 
0.010946 0.529539 0 0.011993 0 0 0 0 
0.014017 0.527793 0 0.011993 0 0 0 0 
0.011197 0.528398 0 0.012014 0 0 0 0 
0.011279 0.529418 0 0.01209 0 0 0 0 
0.011466 0.531007 0 0.012149 0 0 0 0 
0.013126 0.526612 0 0.012331 0 0 0 0 
0.010479 0.526825 0 0.012503 0 0 0 0 
0.010548 0.526981 0 0.012209 0 0 0 0 
0.010882 0.528515 0 0.01203 0 0 0 0 
0.014196 0.530145 0 0.012082 0 0 0 0 
0.012667 0.529627 0 0.012129 0 0 0 0 
0.01258 0.529846 0 0.012359 0 0 0 0 
0.015086 0.528407 0 0.012279 0 0 0 0 
0.013204 0.523928 0 0.012646 0 0 0 0 
0.013626 0.525234 0 0.012236 0 0 0 0 
0.01739 0.526563 0 0.012369 0 0 0 0 
0.025898 0.529405 0 0.012068 0 0 0 0 
0.026151 0.527058 0 0.012239 0 0 0 0 
0.026206 0.527032 0 0.013351 0 0 0 0 
0.026177 0.529335 0 0.013434 0 0 0 0 
0.026417 0.528266 0 0.013562 0 0 0 0 
0.025828 0.530065 0 0.013937 0 0 0 0 
0.028005 0.528837 0 0.014014 0 0 0 0 
0.02807 0.529283 0 0.013538 0 0 0 0 
0.028809 0.52781 0 0.013701 0 0 0 0 
0.029379 0.530751 0 0.013786 0 0 0 0 
0.030513 0.529938 0 0.013633 0 0 0 0 
0.028878 0.526279 0 0.013334 0 0 0 0 
0.028121 0.529216 0 0.013489 0 0 0 0 
0.027457 0.526438 0 0.016142 0 0 0 0 
0.0265 0.524567 0 0.015885 0 0 0 0 
0.026878 0.524514 0 0.019369 0 0 0 0 
0.026802 0.525919 0 0.020342 0 0 0 0 
0.026207 0.527068 0 0.022458 0 0 0 0 
0.018104 0.526343 0 0.02687 0 0 0 0 
0.014194 0.525328 0 0.025699 0 0 0 0 
0.014752 0.52421 0 0.020605 0 0 0 0 
0.013425 0.526464 0 0.01387 0 0 0 0 
0.013197 0.528253 0 0.014858 0 0 0 0 
0.011703 0.535913 0 0.012899 0 0 0 0 
0.011432 0.524654 0 0.015904 0 0 0 0 
0.01166 0.524016 0 0.015574 0 0 0 0 
0.011948 0.525228 0 0.017634 0 0 0 0 
0.014127 0.525208 0 0.018872 0 0 0 0 
0.020955 0.526306 0 0.029017 0 0 0 0 
0.029818 0.530422 0 0.032902 0 0 0 0 
0.040284 0.529439 0 0.037948 0 0 0 0 
0.051093 0.533058 0 0.041851 0 0 0 0 
0.073412 0.530908 0 0.056529 0 0 0 0 
0.098788 0.540592 0 0.057592 0 0 0 0 
0.103119 0.544828 0 0.061748 0 0 0 0 
0.121686 0.547532 0 0.055574 0 0 0 0 
0.119271 0.549154 0 0.054566 0 0 0 0 
0.122299 0.550309 0 0.05913 0 0 0 0 
0.123407 0.559995 0 0.060046 0 0 0 0 
0.118511 0.55624 0 0.061817 0 0 0 0 
0.105289 0.552044 0 0.061852 0 0 0 0 
0.110581 0.549539 0 0.071486 0 0 0 0 
0.10818 0.553399 0 0.073607 0 0 0 0 
0.097728 0.55514 0 0.079937 0 0 0 0 
0.092685 0.542999 0 0.07475 0 0 0 0 
0.094019 0.533917 0 0.071566 0 0 0 0 
