0.0098 0.46172 0 0.011635 0 0 0 0 
0.010317 0.530951 0 0.012344 0 0 0 0 
0.011993 0.54837 0 0.012915 0 0 0 0 
0.009967 0.536437 0 0.012082 0 0 0 0 
0.009924 0.535011 0 0.012116 0 0 0 0 
0.011093 0.537887 0 0.012436 0 0 0 0 
0.011391 0.536929 0 0.019507 0 0 0 0 
0.02713 0.534646 0 0.202721 0 0 0 0 
0.028781 0.540328 0 0.037422 0 0 0 0 
0.037433 0.537736 0 0.03507 0 0 0 0 
0.080319 0.539797 0 0.038103 0 0 0 0 
0.093361 0.544007 0 0.036474 0 0 0 0 
0.093159 0.587517 0 0.03271 0 0 0 0 
0.063814 0.541887 0 0.028717 0 0 0 0 
0.042889 0.547152 0 0.028466 0 0 0 0 
0.041945 0.545048 0 0.02618 0 0 0 0 
0.040434 0.540051 0 0.219145 0 0 0 0 
0.039741 0.535341 0 0.22419 0 0 0 0 
0.039074 0.535786 0 0.225592 0 0 0 0 
0.039279 0.539169 0 0.028008 0 0 0 0 
0.039742 0.538162 0 0.231356 0 0 0 0 
0.039494 0.542044 0 0.028356 0 0 0 0 
0.041807 0.541345 0 0.017674 0 0 0 0 
0.039265 0.5365 0 0.208267 0 0 0 0 
0.039421 0.536519 0 0.214799 0 0 0 0 
0.038852 0.538732 0 0.031312 0 0 0 0 
0.041694 0.556147 0 0.018471 0 0 0 0 
0.033759 0.537516 0 0.017309 0 0 0 0 
0.030451 0.53507 0 0.207046 0 0 0 0 
0.028186 0.535787 0 0.173497 0 0 0 0 
0.030911 0.534334 0 0.170916 0 0 0 0 
0.030556 0.533594 0 0.201559 0 0 0 0 
0.030286 0.533437 0 0.163225 0 0 0 0 
0.030443 0.534236 0 0.16924 0 0 0 0 
0.030775 0.534206 0 0.205499 0 0 0 0 
0.030013 0.535792 0 0.166372 0 0 0 0 
0.030591 0.532939 0 0.163741 0 0 0 0 
0.030792 0.529562 0 0.25713 0 0 0 0 
0.030884 0.534064 0 0.16981 0 0 0 0 
0.031114 0.542766 0 0.163452 0 0 0 0 
0.028657 0.529997 0 0.158547 0 0 0 0 
0.028482 0.529734 0 0.204016 0 0 0 0 
0.028851 0.533272 0 0.16902 0 0 0 0 
0.028699 0.538471 0 0.171238 0 0 0 0 
0.028518 0.532657 0 0.169818 0 0 0 0 
0.028687 0.534376 0 0.209299 0 0 0 0 
0.028406 0.532032 0 0.179464 0 0 0 0 
0.029111 0.538279 0 0.207695 0 0 0 0 
0.027029 0.533613 0 0.167221 0 0 0 0 
0.028308 0.532682 0 0.184526 0 0 0 0 
0.03241 0.53796 0 0.015633 0 0 0 0 
0.029008 0.537191 0 0.014557 0 0 0 0 
0.027821 0.537144 0 0.015043 0 0 0 0 
0.033088 0.537692 0 0.01601 0 0 0 0 
0.034592 0.536275 0 0.016246 0 0 0 0 
0.039409 0.542685 0 0.016756 0 0 0 0 
0.04018 0.540427 0 0.016222 0 0 0 0 
0.040885 0.545531 0 0.016225 0 0 0 0 
0.039059 0.540972 0 0.014879 0 0 0 0 
0.03983 0.540779 0 0.014427 0 0 0 0 
0.040049 0.54139 0 0.016319 0 0 0 0 
0.04042 0.540719 0 0.016208 0 0 0 0 
0.040691 0.541737 0 0.02235 0 0 0 0 
0.040622 0.542654 0 0.027956 0 0 0 0 
0.039574 0.538409 0 0.040034 0 0 0 0 
0.040235 0.539501 0 0.035408 0 0 0 0 
0.039313 0.540101 0 0.030079 0 0 0 0 
0.038513 0.538738 0 0.026133 0 0 0 0 
0.037455 0.535767 0 0.189925 0 0 0 0 
0.037244 0.536007 0 0.192279 0 0 0 0 
0.037386 0.534314 0 0.19002 0 0 0 0 
0.037329 0.657764 0 0.189212 0 0 0 0 
0.036903 0.534828 0 0.182291 0 0 0 0 
0.036761 0.535176 0 0.211422 0 0 0 0 
0.037205 0.534435 0 0.216851 0 0 0 0 
0.037007 0.535784 0 0.225589 0 0 0 0 
0.037049 0.536188 0 0.185117 0 0 0 0 
0.036897 0.536987 0 0.220069 0 0 0 0 
0.036602 0.535892 0 0.229847 0 0 0 0 
0.037117 0.53511 0 0.230714 0 0 0 0 
0.03739 0.53739 0 0.197466 0 0 0 0 
0.045472 0.556458 0 0.190321 0 0 0 0 
0.041423 0.537682 0 0.292048 0 0 0 0 
0.037897 0.53879 0 0.024706 0 0 0 0 
0.030627 0.537909 0 0.026813 0 0 0 0 
0.029172 0.536993 0 0.023832 0 0 0 0 
0.028839 0.535283 0 0.014126 0 0 0 0 
0.028893 0.53751 0 0.013937 0 0 0 0 
0.02828 0.538482 0 0.013907 0 0 0 0 
0.029459 0.534648 0 0.013315 0 0 0 0 
0.033512 0.536322 0 0.013345 0 0 0 0 
0.051871 0.546762 0 0.013524 0 0 0 0 
0.051646 0.544027 0 0.02602 0 0 0 0 
0.051795 0.545853 0 0.029595 0 0 0 0 
0.05118 0.542957 0 0.033273 0 0 0 0 
0.05226 0.541615 0 0.037386 0 0 0 0 
0.055572 0.5448 0 0.039641 0 0 0 0 
0.059353 0.544956 0 0.032354 0 0 0 0 
0.044771 0.540584 0 0.035086 0 0 0 0 
0.040431 0.539151 0 0.030131 0 0 0 0 
