0.020704 0.995423 0 0.027183 0 0 0 0 
0.022974 1.09761 0 0.027216 0 0 0 0 
0.022612 1.10548 0 0.024421 0 0 0 0 
0.02181 1.09706 0 0.029097 0 0 0 0 
0.022613 1.08643 0 0.026709 0 0 0 0 
0.031435 1.10546 0 0.026986 0 0 0 0 
0.051884 1.12147 0 0.045732 0 0 0 0 
0.089453 1.08785 0 0.049533 0 0 0 0 
0.182777 1.10287 0 0.055863 0 0 0 0 
0.143045 1.09674 0 0.030594 0 0 0 0 
0.100159 1.09093 0 0.033257 0 0 0 0 
0.087094 1.09996 0 0.02911 0 0 0 0 
0.08419 1.10708 0 0.02871 0 0 0 0 
0.084503 1.12577 0 0.027113 0 0 0 0 
0.083464 1.11528 0 0.031074 0 0 0 0 
0.080757 1.10212 0 0.027143 0 0 0 0 
0.079512 1.12248 0 0.025228 0 0 0 0 
0.050772 1.10896 0 0.02531 0 0 0 0 
0.037055 1.10978 0 0.029303 0 0 0 0 
0.037643 1.12531 0 0.02488 0 0 0 0 
0.024532 1.07654 0 0.024713 0 0 0 0 
0.022229 1.07265 0 0.0252 0 0 0 0 
0.021612 1.06913 0 0.024932 0 0 0 0 
0.021425 1.06938 0 0.024791 0 0 0 0 
0.021162 1.0633 0 0.024652 0 0 0 0 
0.021884 1.06895 0 0.025348 0 0 0 0 
0.022434 1.10463 0 0.027203 0 0 0 0 
0.023531 1.09683 0 0.028315 0 0 0 0 
0.026808 1.09419 0 0.026074 0 0 0 0 
0.027049 1.11835 0 0.026494 0 0 0 0 
0.030762 1.08128 0 0.029072 0 0 0 0 
0.029505 1.09762 0 0.027433 0 0 0 0 
0.030408 1.10828 0 0.026329 0 0 0 0 
0.047465 1.07207 0 0.027383 0 0 0 0 
0.063224 1.07024 0 0.041934 0 0 0 0 
0.187343 1.08174 0 0.077408 0 0 0 0 
0.464951 1.11091 0 0.088409 0 0 0 0 
0.597367 1.34296 0 0.153572 0 0 0 0 
0.577787 1.21392 0 0.121343 0 0 0 0 
0.566481 1.38945 0 0.141413 0 0 0 0 
0.633057 1.21726 0 0.152352 0 0 0 0 
0.688588 1.2032 0 0.170489 0 0 0 0 
0.681381 1.19032 0 0.157983 0 0 0 0 
0.653027 1.19173 0 0.149799 0 0 0 0 
0.653956 1.19169 0 0.14004 0 0 0 0 
0.71535 1.21328 0 0.565171 0 0 0 0 
0.729791 1.23969 0 0.662165 0 0 0 0 
0.687277 1.25661 0 0.671989 0 0 0 0 
0.662584 1.23962 0 0.185271 0 0 0 0 
0.671129 1.35983 0 0.178684 0 0 0 0 
