0.010005 0.459727 0 0.011603 0 0 0 0 
0.010051 0.52602 0 0.01207 0 0 0 0 
0.010329 0.549487 0 0.012485 0 0 0 0 
0.010271 0.534437 0 0.012126 0 0 0 0 
0.010322 0.536637 0 0.012275 0 0 0 0 
0.010196 0.533669 0 0.011995 0 0 0 0 
0.010318 0.532419 0 0.011941 0 0 0 0 
0.010762 0.535714 0 0.012223 0 0 0 0 
0.010825 0.536417 0 0.01189 0 0 0 0 
0.010334 0.533899 0 0.011997 0 0 0 0 
0.010125 0.53041 0 0.012328 0 0 0 0 
0.01096 0.536981 0 0.012827 0 0 0 0 
0.010712 0.528448 0 0.012077 0 0 0 0 
0.010786 0.539053 0 0.012361 0 0 0 0 
0.013812 0.532388 0 0.012058 0 0 0 0 
0.015167 0.53312 0 0.014963 0 0 0 0 
0.023294 0.534393 0 0.020275 0 0 0 0 
0.025795 0.533394 0 0.01984 0 0 0 0 
0.02932 0.537359 0 0.022667 0 0 0 0 
0.031045 0.540882 0 0.017861 0 0 0 0 
0.029783 0.536375 0 0.016314 0 0 0 0 
0.03567 0.533894 0 0.016754 0 0 0 0 
0.029494 0.542095 0 0.017091 0 0 0 0 
0.030941 0.551482 0 0.019594 0 0 0 0 
0.041234 0.558002 0 0.018986 0 0 0 0 
0.039856 0.575965 0 0.014244 0 0 0 0 
0.039311 0.532918 0 0.013981 0 0 0 0 
0.024825 0.537739 0 0.013036 0 0 0 0 
0.02014 0.538053 0 0.013146 0 0 0 0 
0.016904 0.586207 0 0.013632 0 0 0 0 
0.016951 0.530064 0 0.013258 0 0 0 0 
0.016441 0.532088 0 0.013109 0 0 0 0 
0.013618 0.530612 0 0.013022 0 0 0 0 
0.012409 0.526714 0 0.011986 0 0 0 0 
0.012005 0.526438 0 0.012098 0 0 0 0 
0.011211 0.526088 0 0.012239 0 0 0 0 
0.010986 0.527894 0 0.01219 0 0 0 0 
0.011104 0.526699 0 0.01188 0 0 0 0 
0.011414 0.527238 0 0.014123 0 0 0 0 
0.011567 0.527783 0 0.012023 0 0 0 0 
0.011202 0.524111 0 0.012071 0 0 0 0 
0.011078 0.525074 0 0.012048 0 0 0 0 
0.010978 0.52627 0 0.012213 0 0 0 0 
0.011204 0.526652 0 0.012058 0 0 0 0 
0.011038 0.526047 0 0.011995 0 0 0 0 
0.0108 0.524365 0 0.012102 0 0 0 0 
0.011751 0.525768 0 0.012082 0 0 0 0 
0.012083 0.526776 0 0.013332 0 0 0 0 
0.01241 0.52579 0 0.012058 0 0 0 0 
0.012474 0.526501 0 0.012124 0 0 0 0 
0.013112 0.526975 0 0.012043 0 0 0 0 
0.013757 0.527092 0 0.012127 0 0 0 0 
0.014096 0.5245 0 0.011928 0 0 0 0 
0.013204 0.525737 0 0.01212 0 0 0 0 
0.018168 0.530806 0 0.01251 0 0 0 0 
0.026529 0.529163 0 0.01209 0 0 0 0 
0.026019 0.528935 0 0.013565 0 0 0 0 
0.02694 0.53129 0 0.013469 0 0 0 0 
0.026359 0.530808 0 0.013345 0 0 0 0 
0.026345 0.528981 0 0.013721 0 0 0 0 
0.026451 0.529498 0 0.013441 0 0 0 0 
0.028504 0.529118 0 0.013484 0 0 0 0 
0.029566 0.531338 0 0.013492 0 0 0 0 
0.031572 0.533633 0 0.01351 0 0 0 0 
0.037044 0.530875 0 0.013385 0 0 0 0 
0.03736 0.530851 0 0.013417 0 0 0 0 
0.031746 0.532327 0 0.013558 0 0 0 0 
0.028564 0.530995 0 0.016044 0 0 0 0 
0.028216 0.531488 0 0.019318 0 0 0 0 
0.027859 0.529523 0 0.024113 0 0 0 0 
0.027488 0.529071 0 0.024818 0 0 0 0 
0.026832 0.532682 0 0.025182 0 0 0 0 
0.020179 0.526555 0 0.0265 0 0 0 0 
0.015092 0.52893 0 0.023042 0 0 0 0 
0.014614 0.529674 0 0.015953 0 0 0 0 
0.014419 0.529102 0 0.015579 0 0 0 0 
0.014375 0.526934 0 0.013122 0 0 0 0 
0.013657 0.530573 0 0.015834 0 0 0 0 
0.013569 0.52591 0 0.015846 0 0 0 0 
0.01387 0.529685 0 0.016038 0 0 0 0 
0.014724 0.525222 0 0.01729 0 0 0 0 
0.019857 0.52945 0 0.029264 0 0 0 0 
0.038499 0.533526 0 0.209845 0 0 0 0 
0.059266 0.538108 0 0.037755 0 0 0 0 
0.060805 0.539042 0 0.038189 0 0 0 0 
0.074585 0.546272 0 0.05535 0 0 0 0 
0.090679 0.562413 0 0.240352 0 0 0 0 
0.107681 0.551943 0 0.068312 0 0 0 0 
0.122712 0.549992 0 0.059501 0 0 0 0 
0.125746 0.548645 0 0.062094 0 0 0 0 
0.127142 0.547833 0 0.05452 0 0 0 0 
0.109389 0.552007 0 0.052977 0 0 0 0 
0.104175 0.553683 0 0.055966 0 0 0 0 
0.101332 0.549012 0 0.052725 0 0 0 0 
0.08961 0.546186 0 0.058274 0 0 0 0 
0.094699 0.546713 0 0.056176 0 0 0 0 
0.081227 0.550118 0 0.052652 0 0 0 0 
0.074699 0.542949 0 0.060588 0 0 0 0 
0.07316 0.536826 0 0.057532 0 0 0 0 
0.07459 0.536743 0 0.068307 0 0 0 0 
