0.010117 0.459948 0 0.011555 0 0 0 0 
0.010214 0.531965 0 0.01206 0 0 0 0 
0.010523 0.548515 0 0.012822 0 0 0 0 
0.01044 0.533031 0 0.012873 0 0 0 0 
0.009911 0.558125 0 0.012842 0 0 0 0 
0.010684 0.539215 0 0.012791 0 0 0 0 
0.01016 0.528333 0 0.012161 0 0 0 0 
0.009964 0.528861 0 0.011833 0 0 0 0 
0.010226 0.546023 0 0.012494 0 0 0 0 
0.0106 0.537617 0 0.013145 0 0 0 0 
0.011782 0.546918 0 0.012383 0 0 0 0 
0.015123 0.526954 0 0.011995 0 0 0 0 
0.023829 0.531459 0 0.021837 0 0 0 0 
0.025945 0.554062 0 0.022356 0 0 0 0 
0.034783 0.529836 0 0.212396 0 0 0 0 
0.091357 0.547969 0 0.029761 0 0 0 0 
0.104119 0.541976 0 0.033259 0 0 0 0 
0.109612 0.549721 0 0.027985 0 0 0 0 
0.105233 0.548147 0 0.015719 0 0 0 0 
0.0536 0.563529 0 0.015021 0 0 0 0 
0.050112 0.556251 0 0.014071 0 0 0 0 
0.043413 0.552154 0 0.014907 0 0 0 0 
0.041357 0.552196 0 0.014399 0 0 0 0 
0.040947 0.558677 0 0.01566 0 0 0 0 
0.039774 0.553368 0 0.014646 0 0 0 0 
0.03967 0.556344 0 0.013912 0 0 0 0 
0.040058 0.556015 0 0.013832 0 0 0 0 
0.040261 0.553364 0 0.013964 0 0 0 0 
0.040345 0.556058 0 0.013112 0 0 0 0 
0.039373 0.554668 0 0.012954 0 0 0 0 
0.039527 0.555923 0 0.013354 0 0 0 0 
0.039703 0.554736 0 0.013305 0 0 0 0 
0.039481 0.5499 0 0.012365 0 0 0 0 
0.030151 0.547926 0 0.012052 0 0 0 0 
0.019253 0.544377 0 0.012148 0 0 0 0 
0.018616 0.544397 0 0.012117 0 0 0 0 
0.017374 0.544676 0 0.012186 0 0 0 0 
0.015959 0.544704 0 0.012107 0 0 0 0 
0.01529 0.546737 0 0.012443 0 0 0 0 
0.015429 0.545876 0 0.012101 0 0 0 0 
0.015138 0.54422 0 0.01211 0 0 0 0 
0.01198 0.540875 0 0.012107 0 0 0 0 
0.011877 0.54251 0 0.012105 0 0 0 0 
0.011224 0.540893 0 0.012363 0 0 0 0 
0.010411 0.541012 0 0.012176 0 0 0 0 
0.010453 0.540034 0 0.01256 0 0 0 0 
0.010835 0.539738 0 0.011932 0 0 0 0 
0.010491 0.5406 0 0.012209 0 0 0 0 
0.010801 0.539845 0 0.012218 0 0 0 0 
0.010754 0.55509 0 0.012255 0 0 0 0 
0.010686 0.544509 0 0.012372 0 0 0 0 
0.010993 0.541745 0 0.012209 0 0 0 0 
0.010999 0.542615 0 0.012141 0 0 0 0 
0.011486 0.541027 0 0.012004 0 0 0 0 
0.011686 0.541499 0 0.012087 0 0 0 0 
0.011625 0.541869 0 0.012221 0 0 0 0 
0.012199 0.543808 0 0.012328 0 0 0 0 
0.012526 0.54475 0 0.012264 0 0 0 0 
0.013715 0.548466 0 0.012084 0 0 0 0 
0.014207 0.543402 0 0.012185 0 0 0 0 
0.014027 0.542373 0 0.012243 0 0 0 0 
0.013769 0.542051 0 0.012458 0 0 0 0 
0.0144 0.544369 0 0.013428 0 0 0 0 
0.014383 0.541628 0 0.013602 0 0 0 0 
0.013197 0.544701 0 0.013508 0 0 0 0 
0.013782 0.539879 0 0.013476 0 0 0 0 
0.017018 0.545903 0 0.013812 0 0 0 0 
0.019666 0.563016 0 0.01327 0 0 0 0 
0.02518 0.536068 0 0.014899 0 0 0 0 
0.028317 0.532141 0 0.019226 0 0 0 0 
0.035566 0.541578 0 0.023181 0 0 0 0 
0.063835 0.539514 0 0.032044 0 0 0 0 
0.140645 0.547888 0 0.038026 0 0 0 0 
0.221346 0.553066 0 0.055498 0 0 0 0 
0.263129 0.56318 0 0.051776 0 0 0 0 
0.258665 0.568782 0 0.070424 0 0 0 0 
0.258696 0.569327 0 0.074782 0 0 0 0 
0.289549 0.570617 0 0.069016 0 0 0 0 
0.295266 0.581594 0 0.080574 0 0 0 0 
0.315498 0.579504 0 0.090562 0 0 0 0 
0.332863 0.589602 0 0.097599 0 0 0 0 
0.378665 0.600912 0 0.096907 0 0 0 0 
0.37551 0.601801 0 0.093877 0 0 0 0 
0.364689 0.593047 0 0.092397 0 0 0 0 
0.384923 0.592428 0 0.099677 0 0 0 0 
0.348276 0.586625 0 0.089208 0 0 0 0 
0.355225 0.590924 0 0.087382 0 0 0 0 
0.342655 0.593805 0 0.279833 0 0 0 0 
0.369886 0.60037 0 0.311826 0 0 0 0 
0.376609 0.608191 0 0.29588 0 0 0 0 
0.369781 0.607717 0 0.292115 0 0 0 0 
0.375189 0.606027 0 0.262807 0 0 0 0 
0.385772 0.605572 0 0.28936 0 0 0 0 
0.38325 0.607909 0 0.297916 0 0 0 0 
0.374127 0.612376 0 0.309524 0 0 0 0 
0.375957 0.611089 0 0.303941 0 0 0 0 
0.366571 0.611972 0 0.310603 0 0 0 0 
0.375948 0.606409 0 0.323503 0 0 0 0 
0.384058 0.606303 0 0.278938 0 0 0 0 
0.363911 0.599151 0 0.317479 0 0 0 0 
